Confusion Matrix and Statistics

             Reference
Prediction    amyloid non-amyloid
  amyloid          71          17
  non-amyloid      31         163

               Accuracy : 0.8298
                 95% CI : (0.7807, 0.8718)
    No Information Rate : 0.6383
    P-Value [Acc > NIR] : 1.1e-12

                  Kappa : 0.6201

 Mcnemar's Test P-Value : 0.0606

            Sensitivity : 0.6961
            Specificity : 0.9056
         Pos Pred Value : 0.8068
         Neg Pred Value : 0.8402
             Prevalence : 0.3617
         Detection Rate : 0.2518
   Detection Prevalence : 0.3121
      Balanced Accuracy : 0.8008

       'Positive' Class : amyloid


Recursive feature selection

Outer resampling method: Cross-Validated (10 fold)

Resampling performance over subset size:

 Variables Accuracy  Kappa AccuracySD KappaSD Selected
         1   0.6938 0.3426    0.03632 0.07357
         2   0.7291 0.4165    0.04558 0.08999
         3   0.7538 0.4661    0.04478 0.09559
         4   0.7617 0.4816    0.04350 0.09123
         5   0.7714 0.5018    0.04440 0.09379
         6   0.7803 0.5237    0.03243 0.06629
         7   0.7785 0.5192    0.03127 0.06521
         8   0.7847 0.5342    0.04326 0.08948
         9   0.7873 0.5382    0.04603 0.09893
        10   0.7918 0.5477    0.05151 0.10810
        11   0.7891 0.5436    0.05235 0.10933
        12   0.7873 0.5382    0.04612 0.09681
        13   0.7935 0.5519    0.04391 0.09440
        14   0.7944 0.5549    0.03903 0.07882
        15   0.7944 0.5526    0.03616 0.07787
        16   0.7944 0.5532    0.04183 0.09007
        17   0.7891 0.5429    0.04674 0.09893
        18   0.7891 0.5422    0.03509 0.07448
        19   0.7926 0.5504    0.03869 0.08248
        20   0.7909 0.5476    0.04399 0.09284
        21   0.7882 0.5407    0.04354 0.08971
        22   0.7935 0.5518    0.03771 0.07877
        23   0.7935 0.5517    0.04697 0.09713
        24   0.7935 0.5510    0.03847 0.07774
        25   0.7926 0.5500    0.04277 0.08803
        26   0.7909 0.5470    0.03415 0.06828
        27   0.7953 0.5559    0.03610 0.07255
        28   0.7961 0.5567    0.03502 0.07059
        29   0.7953 0.5571    0.03462 0.07079
        30   0.8015 0.5686    0.03551 0.07254
        31   0.8015 0.5687    0.04581 0.09551
        32   0.7970 0.5594    0.04100 0.08401
        33   0.7962 0.5560    0.03413 0.06960
        34   0.7979 0.5610    0.04744 0.09863
        35   0.7935 0.5505    0.03844 0.07577
        36   0.7953 0.5550    0.04398 0.09157
        37   0.7891 0.5405    0.04315 0.09054
        38   0.7935 0.5505    0.04028 0.08300
        39   0.7988 0.5641    0.04609 0.09574
        40   0.7926 0.5482    0.03548 0.07293
        41   0.7997 0.5650    0.04470 0.09206
        42   0.8015 0.5689    0.04265 0.08706
        43   0.8006 0.5663    0.04708 0.09944
        44   0.7953 0.5537    0.05086 0.10599
        45   0.8006 0.5667    0.04226 0.08904
        46   0.8006 0.5644    0.04333 0.09087
        47   0.7997 0.5624    0.03952 0.08464
        48   0.7953 0.5541    0.04292 0.08908
        49   0.7971 0.5579    0.04135 0.08263
        50   0.8059 0.5753    0.04270 0.09161
        51   0.7952 0.5520    0.03786 0.07816
        52   0.7962 0.5576    0.04343 0.08706
        53   0.7961 0.5554    0.04243 0.08968
        54   0.7997 0.5624    0.03523 0.07606
        55   0.7988 0.5620    0.03993 0.08350
        56   0.7988 0.5617    0.03699 0.07518
        57   0.8058 0.5768    0.04239 0.09005
        58   0.8005 0.5648    0.03997 0.08446
        59   0.7961 0.5543    0.04096 0.08707
        60   0.7997 0.5623    0.03738 0.08063
        61   0.7997 0.5635    0.04280 0.08860
        62   0.7961 0.5558    0.04404 0.09115
        63   0.7979 0.5583    0.04271 0.08756
        64   0.8006 0.5660    0.03386 0.06920
        65   0.8041 0.5745    0.03701 0.07357
        66   0.7997 0.5627    0.04518 0.09552
        67   0.8058 0.5747    0.03619 0.07500
        68   0.7988 0.5607    0.03864 0.08029
        69   0.7997 0.5631    0.04104 0.08718
        70   0.8014 0.5642    0.04137 0.08855
        71   0.8014 0.5674    0.03786 0.07694
        72   0.8050 0.5738    0.03791 0.07982
        73   0.8058 0.5743    0.04135 0.08693
        74   0.8023 0.5668    0.03340 0.07013
        75   0.8006 0.5649    0.04299 0.09154
        76   0.8005 0.5644    0.03661 0.07635
        77   0.8032 0.5712    0.03639 0.07361
        78   0.8085 0.5819    0.03278 0.06833
        79   0.7996 0.5612    0.03616 0.07617
        80   0.7970 0.5571    0.03605 0.07552
        81   0.8023 0.5678    0.04013 0.08470
        82   0.8050 0.5746    0.03730 0.07548
        83   0.8049 0.5730    0.03295 0.06757
        84   0.8023 0.5694    0.04106 0.08602
        85   0.7997 0.5626    0.02912 0.06015
        86   0.8041 0.5722    0.03690 0.07702
        87   0.8050 0.5734    0.04551 0.09924
        88   0.8041 0.5721    0.02823 0.05728
        89   0.7997 0.5631    0.03551 0.07535
        90   0.8023 0.5694    0.03810 0.07811
        91   0.8085 0.5812    0.03573 0.07456        *
        92   0.8032 0.5702    0.03390 0.06915
        93   0.8058 0.5767    0.03430 0.06973
        94   0.8032 0.5704    0.03466 0.06968

The top 5 variables (out of 91):
   DOSZ010101, MEHP950103, MEHP950102, QU_C930101, DOSZ010103

 [1] "DOSZ010101" "MEHP950103" "MEHP950102" "QU_C930101" "DOSZ010103"
 [6] "AZAE970101" "LUTR910106" "OVEJ920103" "MUET010101" "LUTR910109"
[11] "KOSJ950101" "QU_C930103" "QU_C930102" "RIER950101" "AZAE970102"
[16] "OVEJ920104" "OVEJ920102" "JOND940101" "LUTR910101" "LUTR910104"
[21] "OGAK980101" "KOLA920101" "DOSZ010102" "OVEJ920105" "MIYT790101"
[26] "QUIB020101" "MEHP950101" "KOSJ950105" "KAPO950101" "KOSJ950108"
[31] "KOSJ950114" "RUSR970101" "KOSJ950109" "LUTR910107" "BENS940104"
[36] "NGPC000101" "TUDE900101" "GRAR740104" "KOSJ950103" "RUSR970103"
[41] "KOSJ950106" "DOSZ010104" "LUTR910102" "MIYS930101" "RISJ880101"
[46] "MOHR870101" "BENS940101" "KOSJ950102" "NAOD960101" "KOSJ950110"
[51] "KOSJ950112" "LINK010101" "RUSR970102" "KOSJ950107" "KOSJ950111"
[56] "NIEK910102" "KOSJ950115" "KOSJ950113" "KOSJ950104" "NIEK910101"
[61] "LUTR910108" "CSEM940101" "PRLA000102" "JOHM930101" "KANM000101"
[66] "BENS940102" "JOND920103" "DAYM780302" "BENS940103" "BLAJ010101"
[71] "WEIL970102" "FEND850101" "LUTR910105" "GEOD900101" "PRLA000101"
[76] "VOGG950101" "DAYM780301" "OVEJ920101" "HENS920103" "ALTS910101"
[81] "MCLA710101" "GONG920101" "FITW660101" "LUTR910103" "MCLA720101"
[86] "MUET020101" "LEVJ860101" "HENS920104" "CROG050101" "HENS920101"
[91] "WEIL970101"