Confusion Matrix and Statistics

             Reference
Prediction    amyloid non-amyloid
  amyloid          69          18
  non-amyloid      33         162

               Accuracy : 0.8191
                 95% CI : (0.7692, 0.8623)
    No Information Rate : 0.6383
    P-Value [Acc > NIR] : 2.114e-11

                  Kappa : 0.5954

 Mcnemar's Test P-Value : 0.04995

            Sensitivity : 0.6765
            Specificity : 0.9000
         Pos Pred Value : 0.7931
         Neg Pred Value : 0.8308
             Prevalence : 0.3617
         Detection Rate : 0.2447
   Detection Prevalence : 0.3085
      Balanced Accuracy : 0.7882

       'Positive' Class : amyloid

Recursive feature selection

Outer resampling method: Cross-Validated (10 fold)

Resampling performance over subset size:

 Variables Accuracy  Kappa AccuracySD KappaSD Selected
         1   0.6946 0.3451    0.05388 0.10495
         2   0.7256 0.4057    0.04969 0.10173
         3   0.7635 0.4881    0.05901 0.12459
         4   0.7652 0.4933    0.04213 0.08373
         5   0.7697 0.5009    0.03591 0.07153
         6   0.7733 0.5090    0.04778 0.10053
         7   0.7724 0.5065    0.03851 0.08439
         8   0.7724 0.5068    0.03673 0.08106
         9   0.7759 0.5137    0.04231 0.09196
        10   0.7759 0.5106    0.02880 0.06655
        11   0.7680 0.4950    0.04263 0.09420
        12   0.7794 0.5202    0.02926 0.06440
        13   0.7759 0.5151    0.03563 0.07440
        14   0.7812 0.5264    0.03019 0.06614
        15   0.7865 0.5370    0.03848 0.08387
        16   0.7909 0.5455    0.03216 0.06621
        17   0.7891 0.5424    0.03749 0.07820
        18   0.7873 0.5394    0.03037 0.06704
        19   0.7917 0.5511    0.02965 0.06037
        20   0.7873 0.5423    0.02822 0.05797
        21   0.7891 0.5455    0.03241 0.06497
        22   0.7971 0.5631    0.03602 0.07516
        23   0.7962 0.5606    0.03517 0.07205
        24   0.7953 0.5563    0.02934 0.06209
        25   0.7988 0.5660    0.03217 0.06861
        26   0.7909 0.5472    0.03535 0.07308
        27   0.7944 0.5558    0.03626 0.07622
        28   0.7812 0.5276    0.03820 0.07804
        29   0.7891 0.5424    0.03160 0.06878
        30   0.7926 0.5506    0.03646 0.07499
        31   0.7917 0.5503    0.03826 0.07889
        32   0.8006 0.5675    0.03573 0.07445
        33   0.7988 0.5657    0.04004 0.08261
        34   0.7970 0.5611    0.03950 0.08248
        35   0.7979 0.5620    0.03670 0.07943
        36   0.7953 0.5561    0.03868 0.08343
        37   0.7962 0.5602    0.03184 0.06425
        38   0.8006 0.5689    0.03425 0.07065
        39   0.7988 0.5659    0.03269 0.06593
        40   0.8014 0.5714    0.04500 0.09246
        41   0.7979 0.5624    0.03850 0.07802
        42   0.7935 0.5521    0.03595 0.07269
        43   0.8014 0.5711    0.03248 0.06625
        44   0.7979 0.5623    0.03734 0.07719
        45   0.7917 0.5488    0.03894 0.07934
        46   0.7961 0.5599    0.03611 0.07254
        47   0.7979 0.5627    0.04064 0.08429
        48   0.8050 0.5781    0.03889 0.08042
        49   0.7971 0.5610    0.04220 0.08865
        50   0.8041 0.5767    0.03979 0.08227
        51   0.8023 0.5711    0.04212 0.08852
        52   0.7997 0.5675    0.04183 0.08355
        53   0.7988 0.5649    0.04298 0.09176
        54   0.8111 0.5924    0.03744 0.07654        *
        55   0.8058 0.5812    0.03737 0.07632
        56   0.8032 0.5731    0.04057 0.08549
        57   0.8032 0.5763    0.03986 0.08330
        58   0.8085 0.5869    0.04380 0.09287
        59   0.8014 0.5712    0.04271 0.08907
        60   0.8005 0.5696    0.04185 0.08666
        61   0.8041 0.5764    0.04928 0.10399
        62   0.8014 0.5710    0.04362 0.09012
        63   0.8023 0.5737    0.03892 0.08145
        64   0.8050 0.5785    0.04117 0.08577
        65   0.8006 0.5691    0.04138 0.08628
        66   0.8067 0.5830    0.04578 0.09434
        67   0.8023 0.5723    0.04248 0.08897
        68   0.8068 0.5825    0.04300 0.08941
        69   0.8041 0.5776    0.04142 0.08547
        70   0.8032 0.5756    0.04528 0.09399
        71   0.8067 0.5816    0.04131 0.08517
        72   0.8006 0.5700    0.04481 0.09035
        73   0.8059 0.5804    0.04442 0.09360
        74   0.8023 0.5720    0.04207 0.08750
        75   0.8050 0.5784    0.03920 0.07955
        76   0.8006 0.5681    0.04390 0.09021
        77   0.8014 0.5701    0.04283 0.08791
        78   0.8006 0.5684    0.04482 0.09230
        79   0.8023 0.5732    0.04642 0.09615
        80   0.8032 0.5731    0.03981 0.08319
        81   0.8059 0.5799    0.04571 0.09494
        82   0.8006 0.5678    0.04592 0.09609
        83   0.8041 0.5777    0.04273 0.08852
        84   0.7997 0.5673    0.04440 0.09092
        85   0.8041 0.5750    0.04124 0.08523
        86   0.8041 0.5769    0.04051 0.08320
        87   0.8077 0.5847    0.04375 0.09017
        88   0.8023 0.5725    0.04252 0.08773
        89   0.8067 0.5829    0.04393 0.09070
        90   0.7979 0.5646    0.04528 0.09157
        91   0.7953 0.5574    0.04644 0.09608
        92   0.8041 0.5774    0.03846 0.07791
        93   0.7997 0.5665    0.04093 0.08516
        94   0.8005 0.5692    0.03578 0.07197
        95   0.7970 0.5606    0.04354 0.09070
        96   0.8050 0.5790    0.03886 0.07978
        97   0.8085 0.5854    0.03910 0.08063
        98   0.8005 0.5705    0.04204 0.08461         
        99   0.8032 0.5739    0.03853 0.07802
       100   0.8076 0.5842    0.04540 0.09297
       101   0.7952 0.5579    0.04506 0.09224
       102   0.7997 0.5660    0.04120 0.08569
       103   0.8041 0.5768    0.03847 0.07914
       104   0.8041 0.5775    0.04636 0.09494
       105   0.8032 0.5751    0.04392 0.09146
       106   0.8068 0.5826    0.04720 0.09804
       107   0.7988 0.5646    0.03996 0.08411
       108   0.8014 0.5715    0.03925 0.07901
       109   0.8059 0.5803    0.04518 0.09225
       110   0.7988 0.5653    0.04309 0.09013
       111   0.8050 0.5783    0.04101 0.08374
       112   0.8040 0.5763    0.04254 0.08826
       113   0.7979 0.5650    0.04244 0.08491
       114   0.8076 0.5846    0.04240 0.08724
       115   0.8005 0.5693    0.03701 0.07426
       116   0.8050 0.5781    0.04488 0.09356
       117   0.8014 0.5717    0.03943 0.08153
       118   0.8103 0.5919    0.04208 0.08573
       119   0.8032 0.5739    0.04525 0.09380
       120   0.8067 0.5829    0.03919 0.08174
       121   0.8067 0.5817    0.04262 0.09005
       122   0.7997 0.5681    0.04236 0.08742
       123   0.8102 0.5905    0.03878 0.07825
       124   0.8023 0.5731    0.03826 0.07785
       125   0.8049 0.5783    0.04006 0.08359
       126   0.8067 0.5822    0.04181 0.08683
       127   0.8005 0.5707    0.03854 0.07714
       128   0.8023 0.5743    0.04370 0.08879
       129   0.8041 0.5766    0.04494 0.09487
       130   0.8041 0.5762    0.04659 0.09590
       131   0.8076 0.5847    0.03808 0.07658
       132   0.8014 0.5723    0.04366 0.08804
       133   0.8050 0.5775    0.04206 0.08761
       134   0.8041 0.5773    0.04286 0.08856
       135   0.8014 0.5721    0.04842 0.09912
       136   0.8076 0.5850    0.04011 0.08163
       137   0.8076 0.5848    0.04060 0.08329
       138   0.8067 0.5823    0.04151 0.08578
       139   0.8023 0.5734    0.04193 0.08610
       140   0.8032 0.5745    0.04206 0.08794
       141   0.8058 0.5798    0.03814 0.07745

The top 5 variables (out of 54):
   MEHP950103, DOSZ010101, ZHAC000106, ZHAC000103, LIWA970101

 [1] "MEHP950103" "DOSZ010101" "ZHAC000106" "ZHAC000103" "LIWA970101"
 [6] "MIYS960101" "MIYS850102" "TANS760101" "THOP960101" "MEHP950102"
[11] "ZHAC000101" "KESO980101" "MIYS990106" "PARB960102" "SKOJ970101"
[16] "BONM030101" "ZHAC000105" "QU_C930101" "AZAE970101" "MIYS850103"
[21] "ZHAC000102" "ZHAC000104" "PARB960101" "SIMK990103" "BASU010101"
[26] "BONM030103" "TANS760102" "KOSJ950101" "GODA950101" "ROBB790102"
[31] "MIRL960101" "SKOJ000102" "TOBD000101" "LUTR910106" "LUTR910109"
[36] "SIMK990104" "MOOG990101" "OVEJ920103" "SKOJ000101" "TOBD000102"
[41] "MIYS960103" "AZAE970102" "LUTR910104" "BONM030102" "SIMK990102"
[46] "KOLA930101" "KOLA920101" "LUTR910102" "OVEJ920102" "MIYT790101"
[51] "MUET010101" "RUSR970101" "RIER950101" "QUIB020101"