Confusion Matrix and Statistics

             Reference
Prediction    amyloid non-amyloid
  amyloid          65          14
  non-amyloid      37         166
                                          
               Accuracy : 0.8191          
                 95% CI : (0.7692, 0.8623)
    No Information Rate : 0.6383          
    P-Value [Acc > NIR] : 2.114e-11       
                                          
                  Kappa : 0.5882          
                                          
 Mcnemar's Test P-Value : 0.002066        
                                          
            Sensitivity : 0.6373          
            Specificity : 0.9222          
         Pos Pred Value : 0.8228          
         Neg Pred Value : 0.8177          
             Prevalence : 0.3617          
         Detection Rate : 0.2305          
   Detection Prevalence : 0.2801          
      Balanced Accuracy : 0.7797          
                                          
       'Positive' Class : amyloid         
                                          

Recursive feature selection

Outer resampling method: Cross-Validated (10 fold) 

Resampling performance over subset size:

 Variables Accuracy  Kappa AccuracySD KappaSD Selected
         1   0.7184 0.3844    0.03283 0.07349         
         2   0.7635 0.4857    0.03596 0.06610         
         3   0.7953 0.5547    0.03840 0.08043         
         4   0.8067 0.5793    0.03495 0.08033         
         5   0.8014 0.5676    0.03734 0.08264         
         6   0.8076 0.5799    0.03985 0.09362         
         7   0.8111 0.5869    0.03677 0.08627         
         8   0.8120 0.5889    0.03550 0.08306         
         9   0.8129 0.5913    0.02905 0.07056         
        10   0.8164 0.6007    0.03088 0.07033         
        11   0.8111 0.5881    0.03761 0.08519         
        12   0.8156 0.5989    0.03018 0.07070         
        13   0.8138 0.5950    0.03409 0.07873         
        14   0.8155 0.5987    0.02748 0.06232         
        15   0.8137 0.5949    0.03062 0.06810         
        16   0.8191 0.6075    0.02777 0.06281         
        17   0.8190 0.6062    0.02960 0.06706         
        18   0.8199 0.6086    0.02471 0.05512         
        19   0.8173 0.6029    0.02579 0.06135         
        20   0.8191 0.6065    0.02582 0.06089         
        21   0.8164 0.6006    0.02687 0.06179         
        22   0.8182 0.6047    0.02932 0.06577         
        23   0.8217 0.6121    0.03078 0.06948         
        24   0.8190 0.6051    0.02622 0.06000         
        25   0.8181 0.6025    0.02565 0.05860         
        26   0.8182 0.6029    0.02967 0.06683         
        27   0.8164 0.5990    0.03009 0.06850         
        28   0.8172 0.6022    0.03159 0.07121         
        29   0.8173 0.6011    0.02905 0.06592         
        30   0.8172 0.6008    0.03362 0.07474         
        31   0.8155 0.5976    0.03231 0.07326         
        32   0.8217 0.6116    0.03105 0.07118         
        33   0.8164 0.6007    0.03170 0.07079         
        34   0.8199 0.6071    0.03563 0.07944         
        35   0.8181 0.6039    0.03286 0.07428         
        36   0.8181 0.6043    0.03089 0.07073         
        37   0.8146 0.5955    0.03480 0.07804         
        38   0.8137 0.5935    0.03468 0.07923         
        39   0.8128 0.5923    0.03170 0.07223         
        40   0.8128 0.5919    0.03812 0.08385         
        41   0.8137 0.5944    0.03024 0.06941         
        42   0.8137 0.5943    0.03377 0.07732         
        43   0.8146 0.5950    0.03511 0.07874         
        44   0.8128 0.5917    0.04186 0.09269         
        45   0.8129 0.5897    0.02868 0.06784         
        46   0.8208 0.6085    0.03749 0.08353         
        47   0.8146 0.5950    0.03824 0.08408         
        48   0.8119 0.5889    0.03395 0.07696         
        49   0.8146 0.5947    0.03410 0.07607         
        50   0.8120 0.5890    0.03058 0.07040         
        51   0.8190 0.6040    0.03541 0.07972         
        52   0.8128 0.5914    0.03223 0.07213         
        53   0.8155 0.5962    0.03545 0.08101         
        54   0.8155 0.5964    0.03690 0.08252         
        55   0.8190 0.6048    0.03339 0.07536         
        56   0.8190 0.6041    0.03536 0.07973         
        57   0.8181 0.6025    0.03511 0.07810         
        58   0.8173 0.6004    0.03835 0.08591         
        59   0.8182 0.6034    0.03327 0.07420         
        60   0.8172 0.6010    0.03413 0.07713         
        61   0.8138 0.5917    0.03596 0.08158         
        62   0.8217 0.6106    0.03737 0.08312         
        63   0.8137 0.5923    0.03977 0.09045         
        64   0.8190 0.6045    0.03359 0.07632         
        65   0.8191 0.6045    0.03825 0.08657         
        66   0.8199 0.6063    0.03265 0.07471         
        67   0.8190 0.6048    0.03193 0.07399         
        68   0.8129 0.5919    0.03691 0.08359         
        69   0.8164 0.5990    0.03473 0.07809         
        70   0.8173 0.6008    0.03732 0.08384         
        71   0.8164 0.5975    0.03637 0.08276         
        72   0.8155 0.5970    0.03679 0.08390         
        73   0.8217 0.6113    0.02963 0.06708         
        74   0.8164 0.5980    0.03422 0.07810         
        75   0.8172 0.6001    0.03748 0.08461         
        76   0.8199 0.6071    0.03433 0.07701         
        77   0.8173 0.6024    0.03071 0.06905         
        78   0.8181 0.6035    0.03680 0.08084         
        79   0.8146 0.5955    0.04079 0.09124         
        80   0.8190 0.6039    0.04041 0.09134         
        81   0.8208 0.6086    0.03547 0.07868         
        82   0.8199 0.6067    0.03552 0.08027         
        83   0.8226 0.6123    0.03372 0.07681         
        84   0.8199 0.6062    0.03509 0.07936         
        85   0.8243 0.6170    0.03649 0.08106        *
        86   0.8199 0.6071    0.03421 0.07756         
        87   0.8173 0.6003    0.03601 0.08085         
        88   0.8199 0.6060    0.03660 0.08235         
        89   0.8190 0.6039    0.03597 0.08068         
        90   0.8155 0.5975    0.03389 0.07750         
        91   0.8182 0.6025    0.03019 0.06888         
        92   0.8173 0.6008    0.03396 0.07632         
        93   0.8217 0.6120    0.03984 0.08736         
        94   0.8208 0.6094    0.03566 0.08025         
        95   0.8182 0.6028    0.03597 0.08166         
        96   0.8155 0.5977    0.02883 0.06624         
        97   0.8164 0.5984    0.03756 0.08334         
        98   0.8181 0.6042    0.03699 0.08255         
        99   0.8199 0.6064    0.03660 0.08279         
       100   0.8199 0.6065    0.03719 0.08297         
       101   0.8146 0.5952    0.03699 0.08277         
       102   0.8235 0.6146    0.03848 0.08537         
       103   0.8208 0.6086    0.03875 0.08596         
       104   0.8164 0.5989    0.04136 0.09088         
       105   0.8199 0.6063    0.03857 0.08623         
       106   0.8164 0.5984    0.03692 0.08210         
       107   0.8155 0.5968    0.03841 0.08454         
       108   0.8226 0.6122    0.03247 0.07199         
       109   0.8173 0.6008    0.03673 0.08186         
       110   0.8182 0.6025    0.03321 0.07556         
       111   0.8164 0.5990    0.03017 0.06587         
       112   0.8173 0.6005    0.03601 0.07982         
       113   0.8155 0.5965    0.03908 0.08546         
       114   0.8164 0.5995    0.03212 0.06977         
       115   0.8146 0.5952    0.03882 0.08700         
       116   0.8155 0.5972    0.03279 0.07541         
       117   0.8129 0.5913    0.03150 0.06888         
       118   0.8181 0.6027    0.03860 0.08537         
       119   0.8146 0.5957    0.03579 0.07958         
       120   0.8181 0.6025    0.03301 0.07467         
       121   0.8155 0.5975    0.03559 0.07898         
       122   0.8182 0.6030    0.03573 0.07987         
       123   0.8182 0.6027    0.03241 0.07239         
       124   0.8190 0.6050    0.03076 0.07017         
       125   0.8155 0.5971    0.03409 0.07569         
       126   0.8208 0.6085    0.04240 0.09440         
       127   0.8190 0.6049    0.03327 0.07320         
       128   0.8181 0.6029    0.03603 0.08074         
       129   0.8138 0.5928    0.03524 0.07860         
       130   0.8199 0.6069    0.03521 0.07931         
       131   0.8208 0.6093    0.03802 0.08488         
       132   0.8173 0.6012    0.02987 0.06796         
       133   0.8217 0.6105    0.03415 0.07750         
       134   0.8164 0.5986    0.03240 0.07344         
       135   0.8155 0.5961    0.03684 0.08227         
       136   0.8155 0.5959    0.03576 0.08207         
       137   0.8173 0.6019    0.03784 0.08326         
       138   0.8199 0.6064    0.04182 0.09268         
       139   0.8190 0.6045    0.03573 0.07855         
       140   0.8137 0.5915    0.03792 0.08440         
       141   0.8199 0.6064    0.03546 0.07946         
       142   0.8173 0.6006    0.04280 0.09582         
       143   0.8182 0.6018    0.03499 0.07836         
       144   0.8155 0.5967    0.03534 0.07867         
       145   0.8164 0.5992    0.02807 0.06311         
       146   0.8128 0.5904    0.03789 0.08496         
       147   0.8226 0.6118    0.03499 0.07799         
       148   0.8173 0.6002    0.04135 0.09383         
       149   0.8173 0.6010    0.03636 0.08042         
       150   0.8155 0.5961    0.03947 0.08783         
       151   0.8182 0.6019    0.04131 0.09121         
       152   0.8173 0.6009    0.03714 0.08246         
       153   0.8190 0.6034    0.03693 0.08328         
       154   0.8190 0.6051    0.03796 0.08414         
       155   0.8173 0.6008    0.03497 0.07885         
       156   0.8128 0.5912    0.03503 0.07698         
       157   0.8173 0.6011    0.02928 0.06489         
       158   0.8173 0.6009    0.03184 0.07136         
       159   0.8111 0.5863    0.03805 0.08633         
       160   0.8182 0.6034    0.04074 0.09009         
       161   0.8164 0.5991    0.03620 0.08070         
       162   0.8146 0.5960    0.03905 0.08702         
       163   0.8190 0.6050    0.03300 0.07248         
       164   0.8173 0.6010    0.03218 0.07360         
       165   0.8120 0.5898    0.03300 0.07390         
       166   0.8137 0.5932    0.03518 0.08051         
 [ reached 'max' / getOption("max.print") -- omitted 378 rows ]

The top 5 variables (out of 85):
   BAEK050101, GEIM800107, QIAN880121, MANP780101, PONP930101

 [1] "BAEK050101" "GEIM800107" "QIAN880121" "MANP780101" "PONP930101" "AURR980119" "KANM800102" "CHOP780213" "PONP800101"
[10] "PALJ810104" "MUNV940105" "MUNV940103" "CORJ870101" "ROBB760106" "ISOY800104" "BASU050103" "ISOY800107" "MUNV940104"
[19] "GEOR030109" "PONP800102" "RICJ880116" "QIAN880135" "NAGK730102" "BASU050101" "CHOP780202" "PTIO830102" "PONP800108"
[28] "KANM800104" "KARP850102" "LIFS790102" "PONP800106" "NISK800101" "MEIH800101" "CORJ870106" "AVBF000101" "LIFS790101"
[37] "GEOR030106" "ONEK900102" "PONP800107" "TANS770106" "CHOP780208" "PONP800103" "KRIW790101" "AURR980104" "PALJ810110"
[46] "QIAN880134" "YUTK870104" "TANS770102" "GEIM800105" "RACS820105" "AURR980103" "LEVM780105" "MAXF760106" "GEOR030102"
[55] "GEIM800103" "QIAN880120" "GEOR030101" "BASU050102" "PALJ810103" "WERD780101" "NAKH900102" "PALJ810111" "MIYS990103"
[64] "GUYH850103" "JANJ790101" "QIAN880138" "CIDH920104" "WILM950104" "CORJ870105" "RADA880102" "FUKS010102" "VASM830102"
[73] "GUYH850101" "RACS770101" "TANS770104" "CHOP780209" "ZHOH040103" "ISOY800106" "AVBF000104" "EISD860102" "CHAM830102"
[82] "PALJ810112" "LEVM780102" "GUYH850102" "RACS820101"